% # columns="iteration, evaluation, sigma, axis ratio, bestever, best, median, worst objective function value, interquartile range, 25%tile, current best feasible f-value, elapsed wallclock time [s], further/more values", seed=42, Sun Jan 18 15:10:05 2026, <python>{}</python>
1 16 0.1940701136521059 1.0000496564052523 2711311291.666216 2.7113112916662159e+09 60005689643.15707 234299773207.91098 109470389952.67784 14230896391.11329 nan 0.6   
2 32 0.18905722172002806 1.0000496564052523 245340389.74838084 2.4534038974838084e+08 15760027538.53189 42203354421.34291 24307517057.55902 1574821022.415834 nan 0.6   
3 48 0.1847025145371165 1.016459974932925 214145873.89577305 2.1414587389577305e+08 2462328873.631421 26358423150.953632 11792208600.681614 947410844.5687597 nan 0.7   
4 64 0.1808727003127566 1.016459974932925 214145873.89577305 6.2491860181402373e+08 2930696718.97157 21660150194.82928 5172287244.378801 1346772434.63619 nan 0.7   
5 80 0.17794428805257329 1.0181910555248261 181317072.3913253 1.8131707239132529e+08 1576850458.7791817 5913740934.208362 2245592997.410821 791455241.9720304 nan 0.7   
6 96 0.17571984414825217 1.0181910555248261 181317072.3913253 1.9465987820865053e+08 2296711902.46443 14372427724.375004 4075799467.22361 589766766.1198283 nan 0.7   
7 112 0.17394063544743543 1.0221895949108721 34434944.6387779 3.4434944638777897e+07 652302770.0543143 4400053034.9626465 2401887801.8661757 222936007.3060705 nan 0.8   
8 128 0.17234976323439744 1.0221895949108721 7519075.6285113655 7.5190756285113655e+06 505796301.835443 1217884161.7265756 491837079.61421025 125826645.62283504 nan 0.8   
9 144 0.17096648152007524 1.0284221366089332 7519075.6285113655 4.1564544345829993e+07 415458501.77408993 1695963616.0737338 739201618.4547 189466565.85657284 nan 0.8   
10 160 0.16983655145593582 1.0284221366089332 7519075.6285113655 8.2515084725111583e+06 153729293.6473747 2443932439.689775 655921785.7921723 39554244.02783285 nan 0.9   
11 176 0.16862728163345106 1.0336897426826959 1130376.987614309 1.1303769876143089e+06 122177887.70260705 509542225.9124085 167425562.1690518 29941667.504013438 nan 0.9   
12 192 0.1676509258829718 1.0336897426826959 1130376.987614309 1.4525138779419640e+07 38736527.45664115 1030692333.9382088 122887733.10575433 27821849.15393887 nan 0.9   
13 208 0.1667157463878132 1.0403404015581308 210091.49654759394 2.1009149654759394e+05 24901358.409492962 498477731.2200597 46484024.22125373 3385400.182280535 nan 1.0   
14 224 0.16589031355596442 1.0403404015581308 210091.49654759394 2.7775384579973761e+05 9682233.990103576 554088695.2934617 32124000.35139017 2967266.6257555066 nan 1.0   
15 240 0.1651597416419173 1.0458080730907202 210091.49654759394 3.5855505569134274e+05 24104032.305427395 225942656.08510965 72894875.78620003 6700977.686641324 nan 1.0   
16 256 0.1646445964876216 1.0458080730907202 210091.49654759394 3.0580603967310343e+05 15512722.67270739 1219991301.1062942 51205123.60705736 931462.6127563831 nan 1.1   
17 272 0.16393311844081293 1.0521375917517286 210091.49654759394 3.0301280892854626e+05 3077985.6222411515 157262221.07541937 32023970.609842222 401803.50201190065 nan 1.1   
18 288 0.1633032261944356 1.0521375917517286 136632.70500139118 1.3663270500139118e+05 1785243.5875433509 53375499.97957148 17493739.40746519 302909.47882323107 nan 1.2   
19 304 0.16290772208396764 1.058549652446007 111367.08424602007 1.1136708424602007e+05 2802054.42056697 15193283.485916458 6516832.875272343 251754.43356348912 nan 1.2   
20 320 0.16251326182995718 1.058549652446007 44932.01273893239 4.4932012738932390e+04 1254172.7155634016 40945124.78782832 9784078.356299138 311673.38118608436 nan 1.2   
21 336 0.16191099109147242 1.065678070260452 44932.01273893239 5.9623862760573356e+04 1290395.6344545744 9051208.67738967 1389821.9526843322 450819.05142281565 nan 1.3   
22 352 0.16135349048189976 1.065678070260452 44932.01273893239 1.3400810516668079e+05 2594603.767154439 67609308.32968087 5631537.387463557 328643.3203478536 nan 1.3   
23 368 0.16093714135766704 1.0727795019233959 43062.94788169333 4.3062947881693333e+04 597568.9559267584 78450795.71523358 6777491.571494015 124755.02663922525 nan 1.3   
24 384 0.16069494326060238 1.0727795019233959 43062.94788169333 6.8118077004404535e+04 508204.53995338344 493572034.5203656 3815263.5998080694 206135.2411780919 nan 1.3   
25 400 0.16078924844335435 1.079990199610634 43062.94788169333 5.2437178352233925e+04 1204622.2553726302 38816506.07037248 3349030.8299586917 124967.67957728669 nan 1.4   
26 416 0.16102180661094764 1.079990199610634 22891.653356132643 2.2891653356132643e+04 3964748.1696868613 163980569.4721755 22508875.170113474 213114.49157912855 nan 1.4   
27 432 0.16118839296583595 1.0879632817733955 5278.470400077159 5.2784704000771590e+03 114100.98479392816 92513453.99731266 1399769.8932183739 56799.20135575498 nan 1.4   
28 448 0.1614020534393949 1.0879632817733955 5278.470400077159 5.4886217210082850e+03 67918.2029683443 179002036.2965377 1360666.5286226613 10542.84060428454 nan 1.4   
29 464 0.1614294715773689 1.0955914785673062 5240.484963273138 5.2404849632731384e+03 36922.460595049866 1409251.4807974305 215244.30311446698 6806.53043005394 nan 1.5   
30 480 0.1610592654966189 1.0955914785673062 5053.274857923014 5.0532748579230138e+03 11954.045857359375 9418188.686303815 19054.909583070534 6403.539063236281 nan 1.5   
31 496 0.16071206565588353 1.1025573200371317 5053.274857923014 5.2521766448129902e+03 27468.37395076533 6283507.569642419 488826.4791975153 6082.33353440804 nan 1.5   
32 512 0.1604598404627281 1.1025573200371317 5053.274857923014 5.1369568832222885e+03 122123.89297987433 6959225.69204546 443524.4709258996 6286.866183123426 nan 1.6   
33 528 0.1601183908285492 1.109347896119271 5053.274857923014 5.1551275754322387e+03 5799.100697737192 2044369.8614892121 27879.764849146984 5398.046709519299 nan 1.6   
34 544 0.15988822247660475 1.109347896119271 5053.274857923014 5.1124000670972791e+03 11020.11810626529 34820898.8630224 132849.31168009402 5405.887827245666 nan 1.6   
35 560 0.15934558171770177 1.1151502799454827 4894.664872852023 4.8946648728520231e+03 9020.312348854677 37013611.54775416 1605790.2683770463 5293.732128124877 nan 1.7   
36 576 0.15887657002143285 1.1151502799454827 4787.51916016416 4.7875191601641600e+03 5273.316977282631 6250257.235652107 1925.2461946320782 5040.43789506623 nan 1.7   
37 592 0.1583817859943773 1.1196918277293593 4787.51916016416 4.9088548684384923e+03 5718.3193095567585 12114769.424099216 473312.5752236766 5248.68116512413 nan 1.7   
38 608 0.15799536850367799 1.1196918277293593 4787.51916016416 4.8676748807681761e+03 12535.059931360149 1685992.2255140864 213306.5880291542 5083.645191573805 nan 1.7   
39 624 0.1577274734822377 1.1257364942943253 4787.51916016416 4.8856842991121130e+03 139761.82755224494 66251367.626055144 5064424.617496787 5133.850976478439 nan 1.8   
40 640 0.15754654519556238 1.1257364942943253 4787.51916016416 4.9492144051276628e+03 7314.669583017656 10805979.997622473 142981.49186533628 5159.302540528854 nan 1.8   
41 656 0.15721553916530567 1.1306245924786535 4787.51916016416 4.9335823128633310e+03 36265.82399638702 2834989.446196779 190283.97921500794 5513.7328313206945 nan 1.8   
42 672 0.15699692808794474 1.1306245924786535 4787.51916016416 4.9705321031065732e+03 441485.8804228501 47557387.87495562 9874260.568057114 5131.887928477565 nan 1.8   
43 688 0.1567673915320746 1.136970790882285 4731.178722629202 4.7311787226292017e+03 6676.104950553156 46353855.17807851 15071.994856201214 5086.229282331179 nan 1.9   
44 704 0.15627958267942277 1.136970790882285 4731.178722629202 4.8767382848241823e+03 10511.590685037841 59477147.691581145 1418434.8295080257 5039.857924558606 nan 1.9   
45 720 0.1560205959232845 1.142019884059383 4731.178722629202 4.8805105488684658e+03 26075.623090898156 3496892.638886527 423741.6576782281 5197.010031547517 nan 1.9   
46 736 0.15559779301524104 1.142019884059383 4584.885163334659 4.5848851633346594e+03 6303.95846084581 4867965.286022053 193308.3574378126 5354.074842716038 nan 2.0   
47 752 0.15520073396901735 1.1473588424043724 4584.885163334659 4.7645242919146740e+03 15429.217643119155 4520549.477080557 167884.63238425314 5198.119912880022 nan 2.0   
48 768 0.1547293146736312 1.1473588424043724 4584.885163334659 5.0188255204304296e+03 9234.423264428218 6517903.7917784825 373022.8604846227 5195.4501694292685 nan 2.0   
49 784 0.1541289273401156 1.1535399515313216 4584.885163334659 4.7679204600240573e+03 5309.844288393389 4519071.61440371 11764.820557802708 5160.917096171321 nan 2.0   
50 800 0.15393277915877357 1.1535399515313216 4584.885163334659 4.9083961663074660e+03 5415.693574453336 35176932.40165497 1458.5440923671667 5177.755852408112 nan 2.1   
51 816 0.15375682638945296 1.1595074961052871 4584.885163334659 5.0379427568186766e+03 6709.234996374602 13482519.516197054 20806.70625804152 5245.127334464344 nan 2.1   
52 832 0.15360477664113398 1.1595074961052871 4584.885163334659 4.8865454227521623e+03 5244.9189854932865 11999173.507821161 1352.7334153193815 5120.6250434513295 nan 2.1   
53 848 0.15340135928478518 1.1663194898433364 4584.885163334659 4.8448502067442523e+03 5140.82096691768 3933633.096289683 1743.8242768498712 4978.179796535662 nan 2.1   
54 864 0.15300850555793238 1.1663194898433364 4584.885163334659 4.7502538196658734e+03 5241.566145950429 9209107.003554575 94064.05579380982 4908.173933772421 nan 2.2   
55 880 0.1525914562678641 1.1734294322235597 4584.885163334659 4.6639537471640797e+03 5065.338757010677 315750.45376902266 311.66900986998735 4974.432623568004 nan 2.2   
56 896 0.15205247848343328 1.1734294322235597 4546.829013400087 4.5468290134000872e+03 5787.7010142522995 7656064.889132694 363986.72112224903 4939.08733064262 nan 2.2   
57 912 0.1515259074174759 1.179053257311584 4546.829013400087 4.7678891597165502e+03 19700.248583742643 143316099.84186608 455028.91021565936 4876.017324419106 nan 2.2   
58 928 0.15085636997787452 1.179053257311584 4510.222136579402 4.5102221365794021e+03 8304.990136593933 227037.585035687 11022.098828803231 4976.189398806806 nan 2.3   
59 944 0.1502787222350379 1.1847680204519726 4510.222136579402 4.6346049150885874e+03 6199.981408244919 6155400.039964278 7811.68690588958 4864.002621608101 nan 2.3   
60 960 0.14977807648475905 1.1847680204519726 4510.222136579402 4.6875440439680260e+03 5032.831232845339 3500250.6494960673 129409.79174619436 4822.089404515453 nan 2.3   
61 976 0.1493847239480918 1.1896992297639981 4510.222136579402 4.7844130250110666e+03 8326.251791215906 3251624.412646849 450161.2772539879 4944.308549914111 nan 2.4   
62 992 0.14892609990296876 1.1896992297639981 4510.222136579402 4.7546067735615779e+03 28359.636466411976 36430484.7176242 108748.93034965853 5054.057927915055 nan 2.4   
63 1008 0.14845498551757152 1.1947153159171888 4510.222136579402 4.5884224582500647e+03 5162.543594430404 23944539.507851895 33306.986101687005 4897.152389972691 nan 2.4   
64 1024 0.14783566700386014 1.1947153159171888 4510.222136579402 4.8395096009541621e+03 40597.420844091044 11467875.371567309 1397857.5784089202 5119.780536276516 nan 2.4   
65 1040 0.14728829704711016 1.1999793615220047 4510.222136579402 4.5758454093574574e+03 19841.280544873214 107867590.60733764 67635.13104921431 5095.550547105893 nan 2.5   
66 1056 0.14635927036078433 1.1999793615220047 4510.222136579402 4.6857208081743856e+03 19026.182826313085 113909859.1182265 2549895.409116347 4877.239122728329 nan 2.5   
67 1072 0.14546983435026448 1.2037892044888612 4510.222136579402 4.5369968199979285e+03 46651.43890364531 5664835.386527106 242879.7401808648 4957.686051027436 nan 2.5   
68 1088 0.14480193172607395 1.2037892044888612 4510.222136579402 4.5379294480215731e+03 538366.2992379349 298032383.34083277 10990725.539923262 4812.56093889907 nan 2.6   
69 1104 0.14377562014017287 1.2084635545007965 4510.222136579402 4.6397914769192284e+03 66609.92694764181 58646135.239101216 1006186.9006018703 4926.90083782279 nan 2.6   
70 1120 0.14283282944018602 1.2084635545007965 4510.222136579402 4.5126896654520533e+03 5064.002014546425 20046845.809375886 8228.201976219982 4805.119521770125 nan 2.6   
71 1136 0.14182296481364728 1.2120766501707896 4457.840271757287 4.4578402717572872e+03 28047.6337303284 31247318.743163943 293193.2657086218 4795.262107891847 nan 2.6   
72 1152 0.14100010920952977 1.2120766501707896 4457.840271757287 4.5732095551344064e+03 4857.24160305987 53313086.09257066 4233.196345223183 4641.805145373597 nan 2.7   
73 1168 0.14008419565866145 1.2154049587043765 4457.840271757287 4.5126905880075283e+03 5100.644353630568 17716045.104758516 14010.683014954113 4673.622332134691 nan 2.7   
